#3AM Productions 
#Arctic Ocean Map File 
#
#Tile Legend (Tile = 50px) 
#
#5 - Neutral Block
#8 - Top Block 
#2 - Bottom Block 
#4 - Left Block
#6 - Right Block 
#7 - Clue Block
#9 - Skull Block
#1 - Achievement Block
#
#Also include rounded block? 
# 
8      222222      222222   9        9    9         9999999                                   8     9     8               55  3  55               8
5            999999         9        9  9 9        9       9        8   8                                                5  5   5  5              5
5      999999      999999   9    99995    59999   9         9      9     6  99999           8    9     9    8           5    5 5    5             5
5                           9                     45550005556     4       8855555     9                                 5     5     5             5
5                                                                 5                   5                                  5         5              5
5                                                                 5                   5                                   5   1   5               5
5                                                 48880008886     5       8888888     9     8    9     9    8              5     5                5
5            999999         9    99996    49999   9         9      9     5  99999                                           5   5                 5
5      999999      999999   9        9 9  9        9       9        59995                     8     9     8                  5 5                  5
5            999999         9        9    9         9999999                                                                   5                   5
222220000000222222000000000200000000000000000000000000000000000000000000000000000000000000000000000000000000000000000222222222222222222222222222222