#3AM Productions 
#Indian Ocean Map File 
#
#Tile Legend (Tile = 50px) 
#
#5 - Neutral Block
#8 - Top Block 
#2 - Bottom Block 
#4 - Left Block
#6 - Right Block 
#7 - Clue Block
#9 - Skull Block
#1 - Achievement Block
# 
#
8         8888    8888   888     888   888     88888    88   88    88                          9      9    9    9    9  9   9   9  9   9              8
5         8888    8888   888     888   888     88888    88   88                                                                                       5
5         8888    8888   888     888   888     88888  7 88   88         8   9   8   9   8      7      8    7    8           1      8                  5
5         8888    8888   888     888           88888    88         88             7       8                             8   9   8                     5
5         8888           888            7      99999    88         88   8   8   9   8   8             8    8    8    8                 8              5
5                   7         7        888                   88    88                     9    8    8         7         8   8   8                     5
5                 8888                 888                   88    88   8   8   8   8   8         7   8    8    8    9        7    8   9              5
5                 8888   888     888   888              88   88    88                     8    8    8              7    8   8   9                     5
5         8888    8888   888     888   888              88   88    88   8   9   7   9                 8    9    8    8             9   8              5
5         8888    8888   888     888   888              88   88 7  88                                                   9   8   8               7     5
2222222222222200008888000222000002220002220000000000000022000220000220000002220000022200000000000000000000222000000000022200000000000000222222222222222