#3AM Productions 
#Pacific Ocean Map File 
#
#Tile Legend (Tile = 50px) 
#
#5 - Neutral Block
#8 - Top Block 
#2 - Bottom Block 
#4 - Left Block
#6 - Right Block 
#7 - Clue Block
#9 - Skull Block
#1 - Achievement Block
#
8                                                        9                                9   8   9   9            8
5      8     8                         488886         8     8       4888886   4888886     7       7                5
5   8     9     8     4  8   8  6      455556       9    8    9     5     9   5     9         8       7            5
5                     5  9   9  5   944455556669      9     9       5         5           9       9   9            5
5      8  7  8        5  5   5  5      455556       8    7    8     5         5               9       9            5
5                     5  5 7 5  5      455556         9     9       5  4886   5  4886     8   7   8                5
5  9      9      9    5  5   5  5      455556       9    8    9     5    75   5    75                 7            5
5                                      5    5         8     8       5888885   5888885     8   9   8   9            5
5      9     9        48880008886      5    5            9                                                         5
5                                    455    566                                           8   8   8   8       7    5      
22222222222222222200000000222000000002222222222000000000010000000022222222222222222222220000000000000000002222222222